[-0.50214378][ 0.60239257][ 3.06189121]
[ 0.3593316][ 2.1148974][ 4.50484565]
[-0.43797818][ 1.24296085][ 3.61888787]
[-1.03137369][ 1.31796949][ 3.10880407]
[-150.28077865][-103.58611401][-83.622489]
[ 180.01032675][-95.66490054][-250.36847741]
[ 36.95001974][ 69.52399364][-471.86330465]
[ 113.3179277][ 173.21228413][-325.26182723]
[-88.69154572][-162.50017437][-169.85213031]
[-1.37555386][ 0.43966638][ 2.55158335]
[ 0.93352931][ 0.15990173][ 2.79009456]
[ 55.66798369][-131.22402709][-493.81000334]
[-4.61848166][-4.45182204][ 4.8608091]
[ 1.17873777][-1.12650515][ 3.09085143]
[ 0.47985646][ 0.17536622][ 3.47466662]
[-0.39091356][ 0.30996745][ 2.43539634]
[-30.0617785][-240.13212073][ 54.42513018]
[-0.75338389][ 1.51316182][ 3.5732958]
[-2.03943121][ 1.45504556][ 3.28980186]
[-0.63282129][ 0.19856181][ 1.61262848]
[-0.49874639][ 0.40148514][ 2.66385407]
[ 56.33932548][-32.25257865][ 472.38752892]
[ 0.07416958][-0.34021575][ 1.38347939]
[-140.17493119][-125.68532652][-350.32804451]
[ 71.37024584][-31.20204999][ 472.22293667]
[-49.76972644][ 33.69601081][-475.52202144]
[-1.31700753][ 0.34552228][ 1.71340803]
[ 0.48005203][-0.28708861][ 4.59529077]
[-0.92672512][ 1.15300668][ 3.49128027]
[ 0.18767084][ 0.49873525][ 3.60052233]
[-0.33393572][ 1.07966317][ 2.70832796]
[-0.04658271][ 0.45980005][ 3.30371239]
[ 122.62026845][-87.31596599][ 187.48814188]
[ 187.51616379][-114.44276764][ 109.50465816]
[ 65.24943307][ 43.98007279][-202.08482097]
[ 72.60708385][-92.55851539][-24.9545162]
[-123.82593916][-215.49018614][-12.2079818]
[ 0.69790813][-0.10188668][ 3.55057303]
[ 0.27556895][ 0.05783079][ 3.26855526]
[-231.77595543][ 9.948471][-113.21365615]
[-0.1311455][ 0.16335306][ 2.91041855]
[ 0.66437234][-0.21683751][ 3.50645282]
[ 0.8621863][-0.20007225][ 3.64580488]
[ 1.04088542][-0.19832985][ 3.7459842]
[ 0.87273039][-0.25371054][ 3.55755614]
[ 1.0893001][-0.0748538][ 3.70367894]
[ 0.5344981][-0.17960656][ 3.32607588]
[ 0.45693523][-0.1469633][ 3.2528258]
[ 0.62640801][ 0.0396853][ 3.3568257]
[ 0.89417054][-0.23814812][ 3.70180727]
[ 0.65043717][-0.26709878][ 3.59957214]
[ 1.02218389][-0.37214674][ 3.72157779]
[ 0.74296418][-0.15897937][ 3.47166551]
[ 0.88458742][-0.17678481][ 3.68255834]
[ 0.75405556][-0.08191106][ 3.53865384]
[ 0.68470694][-0.21541771][ 3.49090939]
[ 0.80461292][-0.35183917][ 3.68935373]
[ 0.93079034][-0.35499468][ 3.7253366]
[ 0.94242667][-0.39382498][ 3.80216497]
[ 0.98247845][-0.4500424][ 3.5959701]
[ 0.52718468][-0.21255739][ 3.40824177]
[ 0.61878321][-0.11739471][ 3.48520097]
[ 0.49406807][-0.02528163][ 3.35484184]
[ 0.90488476][-0.36806017][ 3.76980508]
[ 0.84620408][-0.23434531][ 3.63172927]
[ 0.43380412][-0.06836329][ 3.34500626]
[ 0.41215525][-0.23120199][ 3.40476011]
[ 0.93990288][-0.24644161][ 3.64329502]
[ 0.22509843][ 0.06041134][ 2.9353886]
[ 0.42012265][-0.08753541][ 3.42450891]
[ 0.52911434][-0.13565354][ 3.32135899]
[ 0.6928664][-0.21771597][ 3.5196224]
[ 0.46679974][ 0.01270173][ 3.31135316]
[ 0.45401899][-0.0340838][ 3.30907885]
[-7828.98843448][ 1598.40421705][ 7023.28748244]
[ 1.04296461][-0.27794077][ 3.79521868]
[ 0.43418506][-0.13609125][ 3.3343759]
[ 0.9392997][-0.38146412][ 3.80687087]
[ 0.70244084][-0.14498169][ 3.48879625]
[ 0.84519905][-0.14234522][ 3.57085601]
[ 0.48506319][-0.02976483][ 3.24065486]
[ 0.39452777][-0.04691478][ 1.47635613]
[-1.6791585][ 2.33573961][ 0.85242085]
[ 0.39888899][ 0.16711759][ 3.09376518]
[-0.55287694][ 0.08580043][ 3.12741662]
[ 0.36827526][ 0.25424646][ 3.46400572]
[ 0.94488821][-0.64205761][ 3.77881265]
[ 0.6932841][-0.16346978][ 3.47162081]
[ 0.55456276][-0.25632252][ 3.49741221]
[ 0.50117531][-0.29849739][ 3.4192405]
[ 0.46173184][-0.12899683][ 3.37297326]
[ 0.81414835][-0.12186818][ 3.58298217]
[ 0.9008188][-0.36534208][ 3.77873632]
[ 0.38953822][-0.16652977][ 3.35719669]
[ 0.88144376][-0.21448091][ 3.67534707]
[ 0.64855408][-0.15891548][ 3.34723954]
[ 0.69423474][-0.07642761][ 3.40636967]
[ 0.54904039][-0.13489978][ 3.38556823]
[ 0.71346447][-0.04117568][ 3.37199495]
[ 0.90418291][-0.32159339][ 3.73246648]
[ 0.74191829][-0.18692883][ 3.49729363]
[ 1.09063733][-0.23173484][ 3.8273912]
[ 0.69335702][-0.09500413][ 3.47315033]
[ 0.62356824][-0.83303199][ 3.67950332]
[ 0.62210187][ 0.06246273][ 3.4538767]
[ 0.58252466][-0.12204978][ 3.33661388]
[ 0.73115708][-0.07374838][ 3.44728136]
[ 0.81139779][-0.16135763][ 3.68018722]
[ 0.80982979][-0.25632749][ 3.66344279]
[ 1.14336391][-0.19797639][ 3.91964139]
[ 0.80253978][-0.00057142][ 3.43810931]
[ 0.92200254][-0.11205119][ 3.64965005]
[ 0.36484262][ 0.08065787][ 3.23796574]
[ 0.60518287][ 0.15316867][ 3.25907466]
[ 0.99352995][-0.46307046][ 3.85110465]
[ 0.71967038][ 0.03959428][ 3.49603318]
[-0.30013496][-0.03593331][ 3.17955514]
[ 0.69984393][-0.41798889][ 3.65221467]
[ 0.49797852][-0.36128005][ 3.5791631]
[-2210.06374634][ 1561.5933463][-2627.75192944]
[ 0.17010926][ 0.11021589][ 3.09390358]
[ 0.7372097][ 0.04664568][ 3.48878585]
[ 0.8118775][ 0.02616072][ 3.52605385]
[ 0.59386531][-0.0955723][ 3.32894652]
[ 0.51384307][ 0.10239459][ 3.37782308]
[ 0.47648034][ 0.06773788][ 3.38593145]
[-186.36123163][-72.45539822][-94.8462185]
[ 0.30450003][ 0.26841973][ 3.21387831]
[ 0.63930393][-0.01364002][ 3.56731338]
[ 0.17824188][ 0.19590296][ 3.17397807]
[ 0.48703794][ 0.11045834][ 3.38816139]
[ 0.39869797][ 0.15372154][ 3.16512722]
[ 0.70299545][-0.29914388][ 3.60383163]
[ 0.25723704][ 0.25663872][ 3.35958043]
[ 0.58725813][ 0.0690182][ 3.32029622]
[ 112.80809018][-132.66670648][-69.40542922]
[-0.27095054][ 0.31077147][ 1.76931899]
[ 0.50353648][ 0.01175572][ 3.53477501]
[ 0.50127288][ 0.00084948][ 3.42419443]
[ 0.89543346][ 0.01219945][ 3.60281498]
[ 1.07404607][-0.17046087][ 3.51601013]
[ 58.92789942][ 28.51713497][-69.55248161]
[ 0.64272574][-0.04376808][ 3.61968618]
[ 0.06327947][ 0.14931104][ 3.33157029]
[-0.66395876][ 0.78204886][ 3.27426288]
[ 0.79303418][-0.10947976][ 3.6993182]
[ 0.9167204][-0.13733614][ 3.58723857]
[ 0.91197678][-0.17180853][ 3.63229577]
[-2.3318741][ 1.83799104][ 3.06091671]
[-3.53846266][-1.74706713][ 5.18791418]
[ 1.29683077][-0.02154919][ 4.05147425]
